78.6397 -180.196 -491.259
78.6397 -180.196 -491.259
77.9387 -180.38 -490.289
77.9387 -180.38 -490.289
77.6938 -180.488 -489.743
76.7369 -180.958 -487.075
75.1596 -181.895 -483.309
74.8978 -182.051 -482.647
74.5748 -182.137 -480.966
74.0836 -182.208 -479.008
73.9876 -182.22 -478.477
73.2155 -182.227 -476.633
72.6024 -182.876 -473.674
72.4674 -183.017 -473.079
71.7206 -183.071 -471.421
70.7711 -183.341 -468.868
70.6108 -183.391 -468.332
69.9194 -183.597 -466.696
69.293 -184.435 -463.764
69.166 -184.595 -463.211
68.5368 -184.617 -461.93
67.7242 -184.748 -458.876
67.508 -184.759 -458.289
66.8385 -184.778 -456.757
65.79 -185.067 -454.126
65.573 -185.13 -453.608
64.9812 -185.286 -452.301
64.148 -185.478 -449.27
63.9567 -185.506 -448.739
63.4195 -185.823 -447.2
62.4546 -186.507 -444.35
62.2679 -186.59 -443.864
61.641 -186.684 -442.484
60.0615 -186.446 -439.727
59.8395 -186.419 -439.27
59.4622 -186.551 -437.842
58.1191 -186.508 -434.42
57.9138 -186.523 -433.913
57.2789 -186.513 -432.542
55.5922 -186.965 -429.011
55.3845 -187.02 -428.568
55.005 -186.886 -427.362
53.7118 -187.105 -423.993
53.5558 -187.13 -423.582
52.9707 -187.161 -422.303
51.9158 -187.213 -419.809
51.7956 -187.208 -419.509
51.2681 -187.217 -418.101
49.9243 -186.789 -414.735
49.7818 -186.756 -414.384
49.2379 -186.695 -413.2
47.4908 -187.011 -409.512
47.3362 -187.031 -409.182
46.979 -186.924 -408.111
45.9917 -186.9 -405.073
45.9097 -186.896 -404.832
45.463 -186.893 -403.79
43.7116 -186.667 -400.212
43.5942 -186.652 -399.976
43.0957 -186.591 -399.041
41.7535 -186.532 -395.391
41.6815 -186.527 -395.201
41.1885 -186.375 -394.22
39.4128 -185.955 -390.247
39.3454 -185.938 -390.096
38.808 -185.744 -389.138
37.1452 -185.262 -385.571
37.1064 -185.251 -385.488
36.6675 -185.19 -384.58
34.716 -184.714 -380.574
34.7005 -184.71 -380.542
34.358 -184.61 -379.745
32.5903 -184.266 -375.969
30.2797 -184 -371.535
29.8522 -183.85 -370.655
29.4043 -183.516 -369.026
28.2308 -182.833 -366.062
27.9969 -182.759 -365.441
27.1552 -182.524 -363.721
26.1347 -182.317 -361.29
25.8146 -182.197 -360.737
24.9864 -181.884 -359.2
23.9527 -181.848 -356.838
23.6921 -181.799 -356.273
22.9699 -181.295 -354.696
21.404 -180.787 -351.641
21.0597 -180.705 -351.001
20.2691 -180.283 -349.415
19.3146 -179.95 -346.709
19.0933 -179.84 -346.14
18.4521 -179.487 -344.573
16.8632 -179.086 -341.416
16.5864 -178.982 -340.866
15.8168 -178.481 -339.329
14.6348 -178.131 -336.633
14.3952 -178.043 -336.129
13.6507 -177.511 -334.763
11.9746 -176.456 -331.566
11.7145 -176.318 -331.047
10.9745 -176.069 -329.593
9.72138 -175.736 -326.799
9.50054 -175.643 -326.335
8.84642 -175.33 -324.984
7.09421 -174.415 -321.737
6.85976 -174.293 -321.292
6.46317 -173.953 -320.07
5.18234 -173.084 -316.817
5.01021 -172.965 -316.373
4.39159 -172.756 -315.042
3.03507 -171.955 -312.197
2.85096 -171.848 -311.813
2.29073 -171.513 -310.545
0.55193 -170.929 -307.106
0.350092 -170.852 -306.707
-0.28572 -170.46 -305.441
-1.46159 -169.524 -302.897
-1.5883 -169.419 -302.608
-2.12109 -168.996 -301.225
-3.40472 -167.958 -297.728
-3.53488 -167.863 -297.387
-4.09388 -167.558 -296.243
-5.90758 -166.602 -292.574
-6.05762 -166.521 -292.267
-6.63241 -166.067 -291.112
-8.14609 -165.244 -287.794
-8.25781 -165.184 -287.553
-8.69622 -164.939 -286.664
-9.96684 -163.837 -283.104
-10.0414 -163.772 -282.896
-10.4917 -163.501 -281.856
-12.5609 -162.798 -278.258
-12.6529 -162.765 -278.096
-13.1253 -162.415 -277.044
-14.6501 -160.93 -273.414
-14.6976 -160.885 -273.301
-15.1318 -160.589 -272.358
-16.6868 -159.695 -268.869
-16.7114 -159.68 -268.814
-17.064 -159.35 -267.883
-19.0627 -158.259 -263.971
-20.551 -156.901 -260.513
-20.9497 -156.565 -259.584
-21.805 -155.602 -257.407
-22.8447 -154.298 -254.807
-23.1435 -154.081 -254.144
-23.8024 -153.548 -252.334
-25.164 -152.54 -249.18
-25.4265 -152.283 -248.536
-26.2745 -151.641 -246.818
-27.3224 -150.816 -244.346
-27.638 -150.681 -243.797
-28.3869 -149.898 -242.204
-29.4295 -149.136 -239.81
-29.6915 -148.956 -239.259
-30.254 -148.23 -237.548
-31.9837 -147.477 -234.629
-32.2598 -147.308 -234.114
-32.9431 -146.104 -232.385
-33.9541 -145.672 -229.613
-34.1123 -145.505 -229.081
-34.8339 -144.885 -227.579
-35.7973 -143.553 -224.829
-35.959 -143.31 -224.337
-36.5857 -142.645 -222.817
-37.3669 -141.205 -219.832
-37.5575 -140.992 -219.315
-38.178 -140.57 -218.176
-40.0782 -139.415 -214.999
-40.3563 -139.215 -214.488
-40.745 -138.559 -213.2
-42.0437 -137.174 -210.053
-42.2216 -136.954 -209.567
-42.8805 -136.502 -208.188
-43.8668 -134.794 -205.094
-44.0001 -134.547 -204.649
-44.2684 -133.861 -203.453
-45.4115 -132.779 -200.241
-45.5897 -132.645 -199.809
-46.1722 -132.065 -198.508
-47.2589 -130.532 -195.416
-47.3898 -130.341 -195.035
-47.9043 -129.715 -193.754
-49.123 -128.157 -190.751
-49.2696 -127.991 -190.401
-49.7471 -127.566 -189.15
-50.8246 -126.314 -185.945
-50.9423 -126.185 -185.611
-51.3514 -125.654 -184.353
-53.1401 -124.563 -180.824
-53.2951 -124.455 -180.505
-53.5812 -123.791 -179.379
-54.3616 -121.893 -176.169
-54.4284 -121.744 -175.915
-54.8615 -121.238 -174.864
-56.4901 -119.459 -171.174
-56.5939 -119.342 -170.932
-56.8475 -118.78 -169.879
-57.6385 -116.954 -166.51
-57.682 -116.859 -166.333
-58.0686 -116.405 -165.359
-59.795 -114.51 -161.631
-59.8602 -114.438 -161.489
-60.3337 -113.943 -160.506
-61.6288 -111.722 -157.167
-61.659 -111.67 -157.089
-61.9015 -111.31 -156.159
-63.3088 -109.535 -152.166
-63.32 -109.52 -152.134
-63.5409 -109.047 -151.283
-64.9191 -106.799 -147.349
-66.2772 -104.771 -143.376
-66.6457 -104.292 -142.484
-67.2149 -102.881 -140.846
-67.8072 -101.593 -137.725
-67.9459 -101.339 -137.079
-68.7319 -100.487 -135.344
-69.426 -98.538 -132.62
-69.5767 -98.1805 -132.056
-70.3453 -97.2851 -130.401
-71.352 -96.1648 -127.951
-71.5162 -95.8464 -127.415
-71.743 -94.9488 -125.964
-72.5265 -92.3812 -122.897
-72.6651 -91.9555 -122.281
-72.9703 -91.4501 -120.826
-73.2929 -89.7823 -118.141
-73.4246 -89.4379 -117.586
-74.0518 -88.6529 -116.082
-74.7667 -86.6441 -113.258
-74.8976 -86.3132 -112.743
-75.5639 -85.489 -111.252
-76.3727 -83.3943 -108.352
-76.5121 -83.0615 -107.848
-77.1646 -82.2466 -106.39
-78.0062 -80.121 -103.439
-78.1409 -79.7963 -102.952
-78.6475 -78.5973 -101.405
-79.5958 -76.7038 -98.4844
-79.739 -76.4257 -98.0267
-80.2418 -75.2998 -96.5344
-81.2225 -73.4101 -93.5732
-81.3538 -73.1075 -93.1272
-81.5908 -72.2874 -91.8683
-82.5068 -69.4379 -88.4953
-82.6329 -69.0665 -88.0359
-82.8637 -68.1248 -86.7947
-83.4558 -66.3748 -83.9202
-83.5526 -66.1398 -83.5384
-83.9564 -65.1568 -82.2428
-84.6639 -62.4349 -78.9868
-84.7471 -62.1272 -78.6035
-85.2381 -61.3522 -77.3638
-86.1614 -58.9511 -74.0879
-86.2553 -58.6647 -73.7336
-86.4668 -57.515 -72.5959
-87.6279 -54.4806 -69.2391
-87.7346 -54.1859 -68.9148
-87.8985 -52.7282 -67.7552
-88.4364 -48.7435 -64.2987
-88.48 -48.4083 -64.0064
-88.5555 -47.2091 -62.8813
-88.7188 -43.5812 -59.4138
-88.7302 -43.3256 -59.1656
-88.9857 -42.5039 -58.109
-89.6204 -39.625 -54.6411
-89.6569 -39.4494 -54.4366
-89.7434 -38.2258 -53.4098
-89.9618 -34.1227 -49.8438
-89.9709 -33.9381 -49.6845
-89.9386 -32.9398 -48.8917
-89.8423 -29.2708 -45.8034
-89.8394 -29.1576 -45.7078
-89.827 -28.209 -44.8343
-89.7897 -24.472 -41.3219
-89.7892 -24.4129 -41.2664
-89.7846 -23.5103 -40.6099
-90.0709 -16.7844 -34.9332
-90.0709 -16.7844 -34.9332